X	Y
559.892568	2194.000000
560.613554	2214.000000
561.334477	2223.000000
562.055336	2165.000000
562.776130	2217.000000
563.496862	2166.000000
564.217529	2168.000000
564.938132	2187.000000
565.658672	2119.000000
566.379148	2179.000000
567.099560	2155.000000
567.819908	2130.000000
568.540193	2204.000000
569.260414	2166.000000
569.980571	2106.000000
570.700664	2076.000000
571.420694	2133.000000
572.140660	2162.000000
572.860562	2131.000000
573.580401	2119.000000
574.300176	2079.000000
575.019887	2112.000000
575.739534	2084.000000
576.459118	2078.000000
577.178638	2095.000000
577.898094	2124.000000
578.617487	2058.000000
579.336816	2012.000000
580.056081	2021.000000
580.775283	2088.000000
581.494421	2116.000000
582.213495	1997.000000
582.932506	1992.000000
583.651453	2069.000000
584.370336	2033.000000
585.089156	2039.000000
585.807912	2084.000000
586.526605	2015.000000
587.245234	2013.000000
587.963800	2033.000000
588.682301	2077.000000
589.400740	2099.000000
590.119115	2042.000000
590.837426	2043.000000
591.555673	1996.000000
592.273857	2012.000000
592.991978	2045.000000
593.710035	2027.000000
594.428028	2031.000000
595.145958	2052.000000
595.863824	2043.000000
596.581627	2088.000000
597.299367	2023.000000
598.017042	2026.000000
598.734655	2052.000000
599.452204	2028.000000
600.169689	2083.000000
600.887111	2044.000000
601.604469	2072.000000
602.321764	2039.000000
603.038995	2119.000000
603.756163	2048.000000
604.473268	2071.000000
605.190309	2013.000000
605.907287	2062.000000
606.624201	2046.000000
607.341052	2023.000000
608.057839	2027.000000
608.774563	2046.000000
609.491224	2082.000000
610.207821	2026.000000
610.924355	2078.000000
611.640825	2062.000000
612.357232	2102.000000
613.073576	2072.000000
613.789856	2128.000000
614.506073	2042.000000
615.222226	2140.000000
615.938316	2080.000000
616.654343	2161.000000
617.370307	2073.000000
618.086207	2147.000000
618.802044	2086.000000
619.517817	2089.000000
620.233527	2149.000000
620.949174	2101.000000
621.664758	2073.000000
622.380278	2104.000000
623.095735	2129.000000
623.811129	2111.000000
624.526459	2148.000000
625.241726	2079.000000
625.956930	2139.000000
626.672071	2093.000000
627.387148	2131.000000
628.102162	2148.000000
628.817113	2093.000000
629.532001	2048.000000
630.246825	2082.000000
630.961587	2075.000000
631.676285	2071.000000
632.390919	2082.000000
633.105491	2070.000000
633.819999	2073.000000
634.534444	2084.000000
635.248826	2081.000000
635.963145	2129.000000
636.677401	2061.000000
637.391593	2104.000000
638.105723	2091.000000
638.819789	2092.000000
639.533792	2132.000000
640.247732	1996.000000
640.961608	2079.000000
641.675422	2084.000000
642.389172	2080.000000
643.102860	2095.000000
643.816484	2150.000000
644.530045	2079.000000
645.243543	2059.000000
645.956978	2095.000000
646.670350	2090.000000
647.383659	2108.000000
648.096904	2093.000000
648.810087	2118.000000
649.523206	2136.000000
650.236263	2110.000000
650.949256	2121.000000
651.662187	2064.000000
652.375054	2079.000000
653.087858	2070.000000
653.800600	2054.000000
654.513278	2038.000000
655.225893	2099.000000
655.938445	2086.000000
656.650935	2048.000000
657.363361	2085.000000
658.075724	2102.000000
658.788024	2049.000000
659.500262	2105.000000
660.212436	2033.000000
660.924547	2086.000000
661.636596	2086.000000
662.348581	2042.000000
663.060504	2089.000000
663.772363	2071.000000
664.484160	2094.000000
665.195893	2056.000000
665.907564	2108.000000
666.619172	2113.000000
667.330717	2020.000000
668.042199	2077.000000
668.753618	2143.000000
669.464974	2062.000000
670.176268	2076.000000
670.887498	2104.000000
671.598666	2101.000000
672.309770	2143.000000
673.020812	2080.000000
673.731791	2122.000000
674.442707	2051.000000
675.153561	2154.000000
675.864351	2054.000000
676.575079	2124.000000
677.285744	2013.000000
677.996346	2034.000000
678.706885	2101.000000
679.417361	2067.000000
680.127775	2044.000000
680.838125	2092.000000
681.548413	2066.000000
682.258639	2138.000000
682.968801	2132.000000
683.678901	2069.000000
684.388938	2068.000000
685.098912	2102.000000
685.808823	2075.000000
686.518672	2056.000000
687.228457	2038.000000
687.938181	2112.000000
688.647841	2049.000000
689.357439	2079.000000
690.066974	2054.000000
690.776446	2040.000000
691.485856	2046.000000
692.195202	2051.000000
692.904487	2094.000000
693.613708	2049.000000
694.322867	2057.000000
695.031963	2094.000000
695.740996	2114.000000
696.449967	2006.000000
697.158875	2064.000000
697.867721	2080.000000
698.576504	2031.000000
699.285224	2065.000000
699.993881	2137.000000
700.702476	2097.000000
701.411009	2053.000000
702.119478	2055.000000
702.827885	2085.000000
703.536230	2052.000000
704.244512	2062.000000
704.952731	2106.000000
705.660888	2087.000000
706.368982	2086.000000
707.077014	2053.000000
707.784983	2100.000000
708.492889	2184.000000
709.200733	2092.000000
709.908514	2068.000000
710.616233	2083.000000
711.323889	2104.000000
712.031483	2057.000000
712.739014	1972.000000
713.446483	2052.000000
714.153889	2150.000000
714.861233	2084.000000
715.568514	2146.000000
716.275733	2056.000000
716.982889	2062.000000
717.689983	2136.000000
718.397014	2104.000000
719.103983	2098.000000
719.810889	2085.000000
720.517733	2096.000000
721.224515	2119.000000
721.931233	2084.000000
722.637890	2105.000000
723.344484	2162.000000
724.051016	2065.000000
724.757485	2123.000000
725.463892	2096.000000
726.170236	2076.000000
726.876518	2064.000000
727.582738	2162.000000
728.288895	2115.000000
728.994990	2098.000000
729.701023	2114.000000
730.406993	2103.000000
731.112900	2136.000000
731.818746	2025.000000
732.524529	2137.000000
733.230250	2139.000000
733.935908	2140.000000
734.641504	2109.000000
735.347038	2110.000000
736.052509	2137.000000
736.757918	2146.000000
737.463265	2019.000000
738.168549	2095.000000
738.873771	2082.000000
739.578931	2083.000000
740.284028	2058.000000
740.989064	2103.000000
741.694037	2063.000000
742.398947	2147.000000
743.103796	2090.000000
743.808582	2112.000000
744.513306	2076.000000
745.217968	2086.000000
745.922567	2137.000000
746.627104	2152.000000
747.331579	2118.000000
748.035992	2075.000000
748.740343	2120.000000
749.444631	2134.000000
750.148857	2097.000000
750.853021	2145.000000
751.557123	2122.000000
752.261162	2165.000000
752.965140	2170.000000
753.669055	2106.000000
754.372908	2162.000000
755.076699	2113.000000
755.780427	2124.000000
756.484094	2111.000000
757.187698	2133.000000
757.891241	2206.000000
758.594721	2118.000000
759.298139	2162.000000
760.001495	2139.000000
760.704788	2134.000000
761.408020	2150.000000
762.111190	2223.000000
762.814297	2163.000000
763.517343	2128.000000
764.220326	2061.000000
764.923247	2081.000000
765.626106	2110.000000
766.328903	2115.000000
767.031638	2091.000000
767.734311	2117.000000
768.436922	2115.000000
769.139471	2106.000000
769.841958	2134.000000
770.544383	2118.000000
771.246746	2046.000000
771.949046	2142.000000
772.651285	2084.000000
773.353462	2172.000000
774.055577	2081.000000
774.757630	2147.000000
775.459620	2150.000000
776.161549	2059.000000
776.863416	2140.000000
777.565221	2133.000000
778.266964	2142.000000
778.968645	2113.000000
779.670264	2061.000000
780.371821	2082.000000
781.073316	2083.000000
781.774749	2132.000000
782.476120	2126.000000
783.177429	2096.000000
783.878677	2112.000000
784.579862	2132.000000
785.280986	2142.000000
785.982047	2104.000000
786.683047	2134.000000
787.383985	2062.000000
788.084861	2116.000000
788.785675	2099.000000
789.486428	2126.000000
790.187118	2066.000000
790.887746	2186.000000
791.588313	2046.000000
792.288818	2098.000000
792.989261	2112.000000
793.689642	2133.000000
794.389962	2120.000000
795.090219	2140.000000
795.790415	2105.000000
796.490549	2108.000000
797.190621	2138.000000
797.890631	2090.000000
798.590580	2071.000000
799.290466	2116.000000
799.990291	2115.000000
800.690054	2165.000000
801.389756	2184.000000
802.089396	2161.000000
802.788973	2082.000000
803.488490	2166.000000
804.187944	2218.000000
804.887337	2099.000000
805.586668	2195.000000
806.285937	2152.000000
806.985144	2162.000000
807.684290	2195.000000
808.383374	2160.000000
809.082396	2133.000000
809.781357	2160.000000
810.480256	2165.000000
811.179093	2189.000000
811.877869	2170.000000
812.576583	2194.000000
813.275235	2163.000000
813.973826	2188.000000
814.672355	2203.000000
815.370822	2155.000000
816.069228	2191.000000
816.767572	2161.000000
817.465854	2162.000000
818.164075	2162.000000
818.862234	2183.000000
819.560332	2192.000000
820.258367	2202.000000
820.956342	2290.000000
821.654255	2153.000000
822.352106	2210.000000
823.049895	2155.000000
823.747623	2181.000000
824.445290	2201.000000
825.142894	2172.000000
825.840438	2195.000000
826.537919	2165.000000
827.235340	2192.000000
827.932698	2259.000000
828.629995	2225.000000
829.327231	2167.000000
830.024405	2240.000000
830.721518	2206.000000
831.418569	2146.000000
832.115558	2248.000000
832.812486	2174.000000
833.509353	2160.000000
834.206158	2200.000000
834.902901	2223.000000
835.599583	2192.000000
836.296204	2151.000000
836.992763	2156.000000
837.689261	2197.000000
838.385697	2174.000000
839.082072	2151.000000
839.778385	2226.000000
840.474637	2130.000000
841.170827	2200.000000
841.866956	2131.000000
842.563024	2163.000000
843.259030	2218.000000
843.954975	2215.000000
844.650858	2159.000000
845.346680	2218.000000
846.042441	2184.000000
846.738140	2164.000000
847.433778	2166.000000
848.129355	2215.000000
848.824870	2169.000000
849.520324	2163.000000
850.215716	2170.000000
850.911047	2235.000000
851.606317	2148.000000
852.301525	2147.000000
852.996672	2152.000000
853.691758	2158.000000
854.386782	2187.000000
855.081746	2247.000000
855.776647	2188.000000
856.471488	2208.000000
857.166267	2214.000000
857.860985	2199.000000
858.555642	2173.000000
859.250237	2218.000000
859.944771	2266.000000
860.639244	2225.000000
861.333655	2122.000000
862.028006	2122.000000
862.722295	2139.000000
863.416523	2235.000000
864.110689	2191.000000
864.804795	2231.000000
865.498839	2258.000000
866.192822	2189.000000
866.886743	2197.000000
867.580604	2149.000000
868.274403	2170.000000
868.968141	2229.000000
869.661818	2140.000000
870.355434	2200.000000
871.048989	2194.000000
871.742482	2178.000000
872.435914	2204.000000
873.129285	2224.000000
873.822595	2236.000000
874.515844	2237.000000
875.209032	2161.000000
875.902158	2282.000000
876.595224	2255.000000
877.288228	2241.000000
877.981171	2211.000000
878.674053	2259.000000
879.366874	2190.000000
880.059634	2275.000000
880.752332	2229.000000
881.444970	2276.000000
882.137547	2204.000000
882.830062	2190.000000
883.522516	2199.000000
884.214910	2273.000000
884.907242	2235.000000
885.599513	2209.000000
886.291723	2227.000000
886.983873	2221.000000
887.675961	2309.000000
888.367988	2230.000000
889.059954	2269.000000
889.751859	2216.000000
890.443703	2268.000000
891.135486	2233.000000
891.827208	2220.000000
892.518869	2209.000000
893.210469	2326.000000
893.902008	2241.000000
894.593486	2259.000000
895.284903	2228.000000
895.976259	2263.000000
896.667554	2224.000000
897.358789	2244.000000
898.049962	2300.000000
898.741074	2287.000000
899.432126	2264.000000
900.123116	2241.000000
900.814046	2190.000000
901.504914	2190.000000
902.195722	2247.000000
902.886469	2204.000000
903.577155	2304.000000
904.267780	2208.000000
904.958344	2240.000000
905.648847	2299.000000
906.339289	2256.000000
907.029671	2231.000000
907.719992	2216.000000
908.410251	2270.000000
909.100450	2235.000000
909.790588	2199.000000
910.480666	2200.000000
911.170682	2205.000000
911.860637	2241.000000
912.550532	2256.000000
913.240366	2280.000000
913.930139	2294.000000
914.619851	2233.000000
915.309503	2236.000000
915.999094	2213.000000
916.688624	2252.000000
917.378093	2249.000000
918.067501	2235.000000
918.756849	2230.000000
919.446135	2202.000000
920.135361	2256.000000
920.824527	2222.000000
921.513631	2259.000000
922.202675	2285.000000
922.891658	2269.000000
923.580580	2276.000000
924.269442	2197.000000
924.958243	2273.000000
925.646983	2220.000000
926.335662	2341.000000
927.024281	2310.000000
927.712839	2246.000000
928.401337	2315.000000
929.089773	2302.000000
929.778149	2321.000000
930.466465	2310.000000
931.154719	2420.000000
931.842913	2400.000000
932.531047	2391.000000
933.219119	2425.000000
933.907131	2412.000000
934.595083	2418.000000
935.282973	2426.000000
935.970804	2434.000000
936.658573	2509.000000
937.346282	2511.000000
938.033930	2524.000000
938.721518	2505.000000
939.409045	2604.000000
940.096512	2575.000000
940.783917	2626.000000
941.471263	2681.000000
942.158548	2622.000000
942.845772	2646.000000
943.532935	2708.000000
944.220038	2734.000000
944.907081	2669.000000
945.594063	2717.000000
946.280984	2643.000000
946.967845	2682.000000
947.654646	2684.000000
948.341386	2693.000000
949.028065	2686.000000
949.714684	2664.000000
950.401242	2717.000000
951.087740	2670.000000
951.774177	2631.000000
952.460554	2696.000000
953.146870	2677.000000
953.833126	2687.000000
954.519322	2690.000000
955.205457	2632.000000
955.891531	2672.000000
956.577545	2740.000000
957.263499	2746.000000
957.949392	2724.000000
958.635225	2699.000000
959.320997	2704.000000
960.006709	2700.000000
960.692360	2799.000000
961.377951	2803.000000
962.063482	2656.000000
962.748952	2703.000000
963.434362	2672.000000
964.119711	2745.000000
964.805000	2734.000000
965.490229	2661.000000
966.175397	2750.000000
966.860505	2736.000000
967.545553	2754.000000
968.230540	2799.000000
968.915467	2709.000000
969.600333	2670.000000
970.285139	2773.000000
970.969885	2764.000000
971.654571	2819.000000
972.339196	2760.000000
973.023761	2756.000000
973.708266	2750.000000
974.392710	2761.000000
975.077094	2749.000000
975.761418	2728.000000
976.445681	2794.000000
977.129884	2840.000000
977.814027	2809.000000
978.498110	2816.000000
979.182132	2742.000000
979.866094	2774.000000
980.549996	2776.000000
981.233837	2890.000000
981.917619	2837.000000
982.601340	2772.000000
983.285001	2777.000000
983.968601	2730.000000
984.652142	2772.000000
985.335622	2714.000000
986.019042	2811.000000
986.702402	2799.000000
987.385701	2815.000000
988.068941	2792.000000
988.752120	2657.000000
989.435239	2679.000000
990.118298	2728.000000
990.801297	2703.000000
991.484235	2769.000000
992.167114	2664.000000
992.849932	2659.000000
993.532690	2735.000000
994.215388	2602.000000
994.898026	2569.000000
995.580604	2601.000000
996.263122	2657.000000
996.945579	2604.000000
997.627977	2494.000000
998.310314	2557.000000
998.992591	2511.000000
999.674808	2538.000000
1000.356965	2545.000000
1001.039062	2433.000000
1001.721099	2532.000000
1002.403076	2466.000000
1003.084993	2471.000000
1003.766849	2511.000000
1004.448646	2469.000000
1005.130383	2443.000000
1005.812059	2514.000000
1006.493676	2540.000000
1007.175232	2495.000000
1007.856729	2460.000000
1008.538165	2467.000000
1009.219542	2472.000000
1009.900858	2404.000000
1010.582115	2505.000000
1011.263311	2395.000000
1011.944448	2519.000000
1012.625524	2400.000000
1013.306541	2413.000000
1013.987497	2415.000000
1014.668394	2434.000000
1015.349231	2369.000000
1016.030007	2403.000000
1016.710724	2368.000000
1017.391381	2357.000000
1018.071978	2364.000000
1018.752515	2401.000000
1019.432992	2410.000000
1020.113409	2314.000000
1020.793766	2339.000000
1021.474063	2372.000000
1022.154301	2351.000000
1022.834478	2360.000000
1023.514596	2331.000000
1024.194654	2312.000000
1024.874651	2325.000000
1025.554589	2396.000000
1026.234468	2311.000000
1026.914286	2356.000000
1027.594044	2335.000000
1028.273743	2273.000000
1028.953381	2356.000000
1029.632960	2358.000000
1030.312479	2417.000000
1030.991939	2330.000000
1031.671338	2330.000000
1032.350677	2367.000000
1033.029957	2264.000000
1033.709177	2347.000000
1034.388337	2332.000000
1035.067438	2374.000000
1035.746478	2342.000000
1036.425459	2332.000000
1037.104380	2327.000000
1037.783241	2320.000000
1038.462043	2308.000000
1039.140785	2334.000000
1039.819467	2251.000000
1040.498089	2268.000000
1041.176651	2320.000000
1041.855154	2295.000000
1042.533597	2270.000000
1043.211980	2277.000000
1043.890304	2287.000000
1044.568568	2271.000000
1045.246772	2272.000000
1045.924917	2253.000000
1046.603001	2262.000000
1047.281026	2282.000000
1047.958992	2260.000000
1048.636898	2250.000000
1049.314744	2282.000000
1049.992530	2239.000000
1050.670257	2247.000000
1051.347924	2261.000000
1052.025531	2320.000000
1052.703079	2280.000000
1053.380567	2303.000000
1054.057996	2275.000000
1054.735364	2294.000000
1055.412674	2287.000000
1056.089923	2215.000000
1056.767113	2282.000000
1057.444244	2331.000000
1058.121315	2329.000000
1058.798326	2299.000000
1059.475278	2261.000000
1060.152170	2281.000000
1060.829002	2242.000000
1061.505775	2266.000000
1062.182488	2309.000000
1062.859142	2285.000000
1063.535736	2310.000000
1064.212271	2327.000000
1064.888746	2313.000000
1065.565162	2266.000000
1066.241518	2299.000000
1066.917815	2323.000000
1067.594052	2317.000000
1068.270229	2323.000000
1068.946347	2266.000000
1069.622406	2353.000000
1070.298405	2344.000000
1070.974344	2296.000000
1071.650224	2374.000000
1072.326045	2288.000000
1073.001806	2313.000000
1073.677508	2301.000000
1074.353150	2385.000000
1075.028733	2245.000000
1075.704256	2297.000000
1076.379720	2333.000000
1077.055124	2272.000000
1077.730469	2304.000000
1078.405755	2343.000000
1079.080981	2320.000000
1079.756147	2296.000000
1080.431255	2350.000000
1081.106302	2397.000000
1081.781291	2281.000000
1082.456220	2261.000000
1083.131090	2291.000000
1083.805900	2331.000000
1084.480651	2257.000000
1085.155342	2284.000000
1085.829975	2358.000000
1086.504547	2338.000000
1087.179061	2298.000000
1087.853515	2270.000000
1088.527910	2327.000000
1089.202245	2288.000000
1089.876521	2253.000000
1090.550738	2334.000000
1091.224896	2256.000000
1091.898994	2357.000000
1092.573033	2315.000000
1093.247012	2279.000000
1093.920932	2364.000000
1094.594793	2324.000000
1095.268595	2278.000000
1095.942337	2345.000000
1096.616021	2318.000000
1097.289644	2317.000000
1097.963209	2330.000000
1098.636714	2258.000000
1099.310160	2332.000000
1099.983547	2355.000000
1100.656875	2289.000000
1101.330143	2310.000000
1102.003352	2238.000000
1102.676502	2325.000000
1103.349593	2331.000000
1104.022624	2236.000000
1104.695596	2305.000000
1105.368509	2246.000000
1106.041363	2313.000000
1106.714158	2301.000000
1107.386893	2278.000000
1108.059570	2302.000000
1108.732187	2313.000000
1109.404745	2303.000000
1110.077243	2281.000000
1110.749683	2276.000000
1111.422064	2323.000000
1112.094385	2296.000000
1112.766647	2317.000000
1113.438850	2293.000000
1114.110994	2292.000000
1114.783079	2344.000000
1115.455104	2297.000000
1116.127071	2270.000000
1116.798979	2265.000000
1117.470827	2312.000000
1118.142616	2308.000000
1118.814346	2285.000000
1119.486017	2363.000000
1120.157629	2303.000000
1120.829182	2321.000000
1121.500676	2231.000000
1122.172111	2216.000000
1122.843487	2286.000000
1123.514804	2286.000000
1124.186061	2387.000000
1124.857260	2257.000000
1125.528399	2264.000000
1126.199480	2272.000000
1126.870502	2306.000000
1127.541464	2282.000000
1128.212368	2252.000000
1128.883212	2332.000000
1129.553998	2350.000000
1130.224724	2258.000000
1130.895392	2359.000000
1131.566000	2334.000000
1132.236550	2335.000000
1132.907040	2299.000000
1133.577472	2317.000000
1134.247845	2319.000000
1134.918158	2354.000000
1135.588413	2408.000000
1136.258609	2302.000000
1136.928746	2262.000000
1137.598824	2299.000000
1138.268843	2273.000000
1138.938803	2320.000000
1139.608704	2275.000000
1140.278546	2249.000000
1140.948330	2234.000000
1141.618054	2229.000000
1142.287720	2258.000000
1142.957326	2236.000000
1143.626874	2266.000000
1144.296363	2313.000000
1144.965793	2212.000000
1145.635165	2284.000000
1146.304477	2255.000000
1146.973730	2299.000000
1147.642925	2237.000000
1148.312061	2268.000000
1148.981138	2234.000000
1149.650156	2339.000000
1150.319115	2225.000000
1150.988016	2373.000000
1151.656857	2236.000000
1152.325640	2279.000000
1152.994364	2275.000000
1153.663029	2283.000000
1154.331636	2326.000000
1155.000184	2300.000000
1155.668673	2231.000000
1156.337103	2282.000000
1157.005474	2246.000000
1157.673787	2351.000000
1158.342040	2240.000000
1159.010235	2285.000000
1159.678372	2324.000000
1160.346449	2345.000000
1161.014468	2247.000000
1161.682428	2269.000000
1162.350330	2314.000000
1163.018172	2283.000000
1163.685956	2268.000000
1164.353682	2343.000000
1165.021348	2267.000000
1165.688956	2346.000000
1166.356505	2260.000000
1167.023996	2367.000000
1167.691427	2331.000000
1168.358801	2315.000000
1169.026115	2248.000000
1169.693371	2287.000000
1170.360568	2311.000000
1171.027706	2246.000000
1171.694786	2299.000000
1172.361807	2345.000000
1173.028770	2310.000000
1173.695674	2349.000000
1174.362519	2294.000000
1175.029306	2244.000000
1175.696034	2334.000000
1176.362703	2225.000000
1177.029314	2323.000000
1177.695866	2238.000000
1178.362360	2291.000000
1179.028795	2262.000000
1179.695172	2264.000000
1180.361489	2255.000000
1181.027749	2351.000000
1181.693950	2245.000000
1182.360092	2303.000000
1183.026175	2281.000000
1183.692201	2302.000000
1184.358167	2291.000000
1185.024075	2233.000000
1185.689925	2311.000000
1186.355716	2295.000000
1187.021448	2282.000000
1187.687122	2270.000000
1188.352738	2311.000000
1189.018294	2229.000000
1189.683793	2183.000000
1190.349233	2262.000000
1191.014614	2258.000000
1191.679937	2281.000000
1192.345202	2257.000000
1193.010408	2266.000000
1193.675555	2300.000000
1194.340645	2260.000000
1195.005675	2300.000000
1195.670647	2305.000000
1196.335561	2289.000000
1197.000417	2241.000000
1197.665213	2306.000000
1198.329952	2301.000000
1198.994632	2227.000000
1199.659254	2285.000000
1200.323817	2302.000000
1200.988322	2243.000000
1201.652768	2320.000000
1202.317156	2305.000000
1202.981486	2321.000000
1203.645757	2293.000000
1204.309970	2266.000000
1204.974125	2312.000000
1205.638221	2281.000000
1206.302259	2306.000000
1206.966238	2339.000000
1207.630159	2343.000000
1208.294022	2279.000000
1208.957826	2299.000000
1209.621572	2298.000000
1210.285260	2291.000000
1210.948890	2381.000000
1211.612461	2314.000000
1212.275974	2295.000000
1212.939428	2266.000000
1213.602824	2275.000000
1214.266162	2333.000000
1214.929442	2356.000000
1215.592663	2245.000000
1216.255826	2321.000000
1216.918931	2318.000000
1217.581978	2283.000000
1218.244966	2277.000000
1218.907896	2339.000000
1219.570768	2336.000000
1220.233582	2337.000000
1220.896337	2307.000000
1221.559034	2322.000000
1222.221673	2304.000000
1222.884254	2313.000000
1223.546776	2288.000000
1224.209240	2346.000000
1224.871646	2383.000000
1225.533994	2319.000000
1226.196284	2299.000000
1226.858515	2376.000000
1227.520688	2354.000000
1228.182803	2282.000000
1228.844860	2313.000000
1229.506859	2346.000000
1230.168800	2356.000000
1230.830682	2324.000000
1231.492506	2293.000000
1232.154272	2328.000000
1232.815980	2313.000000
1233.477630	2272.000000
1234.139222	2301.000000
1234.800756	2309.000000
1235.462231	2374.000000
1236.123649	2387.000000
1236.785008	2301.000000
1237.446309	2361.000000
1238.107552	2335.000000
1238.768737	2347.000000
1239.429864	2373.000000
1240.090933	2349.000000
1240.751944	2326.000000
1241.412896	2312.000000
1242.073791	2277.000000
1242.734628	2334.000000
1243.395406	2366.000000
1244.056127	2347.000000
1244.716789	2314.000000
1245.377394	2314.000000
1246.037940	2335.000000
1246.698428	2317.000000
1247.358859	2396.000000
1248.019231	2327.000000
1248.679545	2344.000000
1249.339802	2310.000000
1250.000000	2332.000000
1250.660140	2360.000000
1251.320223	2305.000000
1251.980247	2262.000000
1252.640214	2331.000000
1253.300122	2379.000000
1253.959972	2418.000000
1254.619765	2326.000000
1255.279500	2390.000000
1255.939176	2330.000000
1256.598795	2388.000000
1257.258356	2390.000000
1257.917859	2331.000000
1258.577303	2381.000000
1259.236690	2304.000000
1259.896020	2334.000000
1260.555291	2346.000000
1261.214504	2324.000000
1261.873659	2333.000000
1262.532757	2376.000000
1263.191796	2279.000000
1263.850778	2450.000000
1264.509702	2293.000000
1265.168568	2340.000000
1265.827376	2349.000000
1266.486126	2347.000000
1267.144819	2404.000000
1267.803453	2367.000000
1268.462030	2309.000000
1269.120549	2420.000000
1269.779010	2359.000000
1270.437413	2310.000000
1271.095759	2362.000000
1271.754046	2385.000000
1272.412276	2363.000000
1273.070448	2366.000000
1273.728562	2404.000000
1274.386618	2284.000000
1275.044617	2337.000000
1275.702558	2400.000000
1276.360441	2411.000000
1277.018266	2329.000000
1277.676034	2414.000000
1278.333743	2344.000000
1278.991395	2277.000000
1279.648990	2374.000000
1280.306526	2398.000000
1280.964005	2271.000000
1281.621426	2357.000000
1282.278789	2346.000000
1282.936095	2378.000000
1283.593343	2374.000000
1284.250533	2323.000000
1284.907665	2360.000000
1285.564740	2439.000000
1286.221757	2337.000000
1286.878717	2320.000000
1287.535618	2406.000000
1288.192462	2404.000000
1288.849249	2372.000000
1289.505977	2403.000000
1290.162648	2400.000000
1290.819262	2397.000000
1291.475817	2400.000000
1292.132315	2383.000000
1292.788756	2414.000000
1293.445139	2407.000000
1294.101464	2370.000000
1294.757731	2353.000000
1295.413941	2390.000000
1296.070094	2390.000000
1296.726188	2354.000000
1297.382225	2445.000000
1298.038205	2355.000000
1298.694127	2397.000000
1299.349991	2412.000000
1300.005798	2461.000000
1300.661547	2364.000000
1301.317239	2444.000000
1301.972873	2416.000000
1302.628449	2485.000000
1303.283968	2342.000000
1303.939430	2410.000000
1304.594833	2445.000000
1305.250180	2387.000000
1305.905469	2386.000000
1306.560700	2457.000000
1307.215873	2421.000000
1307.870990	2452.000000
1308.526048	2336.000000
1309.181050	2435.000000
1309.835993	2431.000000
1310.490880	2340.000000
1311.145708	2425.000000
1311.800480	2394.000000
1312.455193	2430.000000
1313.109850	2449.000000
1313.764448	2416.000000
1314.418990	2437.000000
1315.073474	2465.000000
1315.727900	2505.000000
1316.382269	2436.000000
1317.036581	2418.000000
1317.690835	2405.000000
1318.345032	2382.000000
1318.999171	2428.000000
1319.653253	2418.000000
1320.307277	2425.000000
1320.961245	2501.000000
1321.615154	2390.000000
1322.269006	2368.000000
1322.922801	2352.000000
1323.576539	2415.000000
1324.230219	2386.000000
1324.883842	2416.000000
1325.537407	2469.000000
1326.190915	2458.000000
1326.844366	2397.000000
1327.497759	2444.000000
1328.151095	2399.000000
1328.804374	2451.000000
1329.457595	2420.000000
1330.110759	2374.000000
1330.763866	2413.000000
1331.416915	2472.000000
1332.069907	2429.000000
1332.722842	2397.000000
1333.375719	2436.000000
1334.028539	2450.000000
1334.681302	2455.000000
1335.334008	2339.000000
1335.986656	2436.000000
1336.639247	2490.000000
1337.291780	2358.000000
1337.944257	2381.000000
1338.596676	2416.000000
1339.249038	2447.000000
1339.901343	2391.000000
1340.553590	2452.000000
1341.205780	2458.000000
1341.857913	2432.000000
1342.509989	2380.000000
1343.162007	2396.000000
1343.813969	2423.000000
1344.465873	2386.000000
1345.117720	2424.000000
1345.769509	2382.000000
1346.421242	2489.000000
1347.072917	2463.000000
1347.724535	2415.000000
1348.376096	2434.000000
1349.027600	2426.000000
1349.679047	2387.000000
1350.330436	2469.000000
1350.981768	2391.000000
1351.633043	2415.000000
1352.284261	2365.000000
1352.935422	2430.000000
1353.586526	2465.000000
1354.237572	2442.000000
1354.888562	2339.000000
1355.539494	2393.000000
1356.190369	2347.000000
1356.841187	2410.000000
1357.491948	2376.000000
1358.142652	2442.000000
1358.793299	2429.000000
1359.443889	2504.000000
1360.094421	2329.000000
1360.744897	2394.000000
1361.395315	2390.000000
1362.045677	2381.000000
1362.695981	2369.000000
1363.346229	2369.000000
1363.996419	2383.000000
1364.646552	2386.000000
1365.296628	2505.000000
1365.946647	2385.000000
1366.596609	2363.000000
1367.246515	2439.000000
1367.896363	2387.000000
1368.546154	2376.000000
1369.195888	2372.000000
1369.845565	2374.000000
1370.495185	2378.000000
1371.144748	2430.000000
1371.794254	2374.000000
1372.443703	2353.000000
1373.093095	2412.000000
1373.742430	2393.000000
1374.391709	2423.000000
1375.040930	2316.000000
1375.690094	2351.000000
1376.339201	2369.000000
1376.988252	2359.000000
1377.637245	2370.000000
1378.286182	2407.000000
1378.935061	2372.000000
1379.583884	2426.000000
1380.232650	2397.000000
1380.881359	2395.000000
1381.530011	2383.000000
1382.178606	2353.000000
1382.827144	2325.000000
1383.475625	2327.000000
1384.124050	2439.000000
1384.772417	2356.000000
1385.420728	2329.000000
1386.068982	2348.000000
1386.717178	2400.000000
1387.365319	2361.000000
1388.013402	2414.000000
1388.661428	2450.000000
1389.309398	2401.000000
1389.957310	2400.000000
1390.605166	2386.000000
1391.252965	2424.000000
1391.900707	2352.000000
1392.548393	2303.000000
1393.196021	2396.000000
1393.843593	2356.000000
1394.491108	2372.000000
1395.138566	2419.000000
1395.785968	2355.000000
1396.433312	2397.000000
1397.080600	2411.000000
1397.727831	2365.000000
1398.375006	2354.000000
1399.022123	2416.000000
1399.669184	2354.000000
1400.316188	2357.000000
1400.963135	2411.000000
1401.610026	2443.000000
1402.256860	2431.000000
1402.903637	2382.000000
1403.550357	2406.000000
1404.197021	2407.000000
1404.843628	2374.000000
1405.490178	2371.000000
1406.136672	2489.000000
1406.783109	2415.000000
1407.429489	2467.000000
1408.075812	2456.000000
1408.722079	2442.000000
1409.368289	2416.000000
1410.014443	2373.000000
1410.660539	2459.000000
1411.306580	2391.000000
1411.952563	2421.000000
1412.598490	2367.000000
1413.244360	2417.000000
1413.890174	2443.000000
1414.535931	2467.000000
1415.181631	2380.000000
1415.827275	2390.000000
1416.472862	2407.000000
1417.118392	2428.000000
1417.763866	2420.000000
1418.409283	2348.000000
1419.054644	2451.000000
1419.699948	2428.000000
1420.345195	2429.000000
1420.990386	2439.000000
1421.635521	2457.000000
1422.280598	2401.000000
1422.925620	2383.000000
1423.570584	2388.000000
1424.215492	2470.000000
1424.860344	2446.000000
1425.505139	2484.000000
1426.149877	2463.000000
1426.794559	2435.000000
1427.439185	2444.000000
1428.083753	2502.000000
1428.728266	2414.000000
1429.372722	2440.000000
1430.017121	2452.000000
1430.661464	2435.000000
1431.305750	2469.000000
1431.949980	2429.000000
1432.594154	2453.000000
1433.238270	2484.000000
1433.882331	2475.000000
1434.526335	2448.000000
1435.170282	2473.000000
1435.814173	2457.000000
1436.458008	2466.000000
1437.101786	2488.000000
1437.745508	2462.000000
1438.389173	2505.000000
1439.032782	2452.000000
1439.676335	2476.000000
1440.319831	2451.000000
1440.963270	2519.000000
1441.606653	2557.000000
1442.249980	2558.000000
1442.893251	2450.000000
1443.536465	2441.000000
1444.179622	2602.000000
1444.822723	2492.000000
1445.465768	2482.000000
1446.108757	2486.000000
1446.751689	2558.000000
1447.394565	2507.000000
1448.037384	2550.000000
1448.680147	2542.000000
1449.322854	2503.000000
1449.965504	2534.000000
1450.608098	2474.000000
1451.250636	2440.000000
1451.893117	2483.000000
1452.535542	2545.000000
1453.177911	2535.000000
1453.820223	2544.000000
1454.462480	2573.000000
1455.104679	2547.000000
1455.746823	2530.000000
1456.388910	2614.000000
1457.030941	2557.000000
1457.672916	2495.000000
1458.314834	2490.000000
1458.956696	2524.000000
1459.598502	2517.000000
1460.240252	2534.000000
1460.881945	2489.000000
1461.523583	2471.000000
1462.165163	2529.000000
1462.806688	2494.000000
1463.448157	2510.000000
1464.089569	2513.000000
1464.730925	2482.000000
1465.372225	2437.000000
1466.013468	2500.000000
1466.654656	2539.000000
1467.295787	2546.000000
1467.936862	2558.000000
1468.577881	2474.000000
1469.218843	2510.000000
1469.859750	2549.000000
1470.500600	2406.000000
1471.141394	2435.000000
1471.782132	2420.000000
1472.422814	2415.000000
1473.063439	2468.000000
1473.704009	2494.000000
1474.344522	2435.000000
1474.984980	2493.000000
1475.625381	2485.000000
1476.265726	2460.000000
1476.906015	2449.000000
1477.546247	2444.000000
1478.186424	2460.000000
1478.826544	2471.000000
1479.466609	2504.000000
1480.106617	2518.000000
1480.746570	2482.000000
1481.386466	2468.000000
1482.026306	2456.000000
1482.666090	2489.000000
1483.305818	2492.000000
1483.945490	2471.000000
1484.585106	2461.000000
1485.224665	2377.000000
1485.864169	2392.000000
1486.503617	2423.000000
1487.143009	2400.000000
1487.782344	2485.000000
1488.421624	2464.000000
1489.060848	2466.000000
1489.700015	2412.000000
1490.339127	2444.000000
1490.978182	2360.000000
1491.617182	2444.000000
1492.256126	2431.000000
1492.895013	2437.000000
1493.533845	2445.000000
1494.172621	2377.000000
1494.811340	2399.000000
1495.450004	2492.000000
1496.088612	2430.000000
1496.727164	2473.000000
1497.365659	2445.000000
1498.004099	2404.000000
1498.642483	2432.000000
1499.280811	2424.000000
1499.919084	2445.000000
1500.557300	2408.000000
1501.195460	2440.000000
1501.833564	2409.000000
1502.471613	2419.000000
1503.109605	2446.000000
1503.747542	2472.000000
1504.385423	2468.000000
1505.023248	2399.000000
1505.661017	2337.000000
1506.298730	2454.000000
1506.936387	2371.000000
1507.573988	2376.000000
1508.211534	2498.000000
1508.849024	2450.000000
1509.486457	2397.000000
1510.123835	2433.000000
1510.761158	2432.000000
1511.398424	2440.000000
1512.035634	2432.000000
1512.672789	2393.000000
1513.309888	2478.000000
1513.946931	2479.000000
1514.583918	2452.000000
1515.220849	2516.000000
1515.857725	2469.000000
1516.494545	2494.000000
1517.131309	2458.000000
1517.768017	2436.000000
1518.404670	2395.000000
1519.041266	2519.000000
1519.677807	2475.000000
1520.314292	2477.000000
1520.950722	2487.000000
1521.587095	2493.000000
1522.223413	2437.000000
1522.859676	2403.000000
1523.495882	2518.000000
1524.132033	2442.000000
1524.768128	2486.000000
1525.404167	2409.000000
1526.040151	2524.000000
1526.676078	2499.000000
1527.311950	2555.000000
1527.947767	2517.000000
1528.583528	2441.000000
1529.219233	2524.000000
1529.854882	2550.000000
1530.490476	2511.000000
1531.126014	2498.000000
1531.761496	2517.000000
1532.396923	2510.000000
1533.032294	2518.000000
1533.667609	2504.000000
1534.302869	2449.000000
1534.938073	2528.000000
1535.573222	2437.000000
1536.208314	2418.000000
1536.843352	2437.000000
1537.478333	2465.000000
1538.113259	2492.000000
1538.748130	2463.000000
1539.382944	2409.000000
1540.017704	2473.000000
1540.652407	2526.000000
1541.287055	2431.000000
1541.921647	2463.000000
1542.556184	2443.000000
1543.190665	2426.000000
1543.825091	2455.000000
1544.459461	2467.000000
1545.093776	2514.000000
1545.728035	2436.000000
1546.362238	2499.000000
1546.996386	2514.000000
1547.630479	2513.000000
1548.264515	2498.000000
1548.898497	2492.000000
1549.532422	2476.000000
1550.166293	2425.000000
1550.800108	2498.000000
1551.433867	2486.000000
1552.067571	2483.000000
1552.701219	2472.000000
1553.334812	2513.000000
1553.968349	2468.000000
1554.601831	2467.000000
1555.235257	2492.000000
1555.868628	2522.000000
1556.501943	2467.000000
1557.135203	2506.000000
1557.768408	2474.000000
1558.401557	2523.000000
1559.034650	2427.000000
1559.667688	2491.000000
1560.300671	2491.000000
1560.933598	2449.000000
1561.566470	2432.000000
1562.199287	2486.000000
1562.832048	2505.000000
1563.464753	2503.000000
1564.097404	2465.000000
1564.729998	2493.000000
1565.362538	2451.000000
1565.995022	2485.000000
1566.627451	2504.000000
1567.259824	2491.000000
1567.892142	2496.000000
1568.524404	2455.000000
1569.156612	2464.000000
1569.788763	2485.000000
1570.420860	2452.000000
1571.052901	2433.000000
1571.684887	2521.000000
1572.316817	2506.000000
1572.948693	2425.000000
1573.580512	2446.000000
1574.212277	2470.000000
1574.843986	2560.000000
1575.475640	2515.000000
1576.107238	2567.000000
1576.738782	2487.000000
1577.370270	2487.000000
1578.001702	2479.000000
1578.633080	2547.000000
1579.264402	2516.000000
1579.895669	2419.000000
1580.526880	2556.000000
1581.158037	2455.000000
1581.789138	2506.000000
1582.420184	2515.000000
1583.051174	2412.000000
1583.682110	2523.000000
1584.312990	2546.000000
1584.943814	2528.000000
1585.574584	2425.000000
1586.205299	2554.000000
1586.835958	2534.000000
1587.466562	2453.000000
1588.097110	2519.000000
1588.727604	2509.000000
1589.358042	2481.000000
1589.988426	2500.000000
1590.618754	2540.000000
1591.249026	2557.000000
1591.879244	2502.000000
1592.509407	2546.000000
1593.139514	2531.000000
1593.769566	2491.000000
1594.399563	2485.000000
1595.029505	2568.000000
1595.659392	2514.000000
1596.289223	2500.000000
1596.919000	2492.000000
1597.548721	2535.000000
1598.178387	2520.000000
1598.807998	2452.000000
1599.437554	2452.000000
1600.067055	2478.000000
1600.696501	2544.000000
1601.325892	2514.000000
1601.955227	2525.000000
1602.584508	2477.000000
1603.213733	2498.000000
1603.842903	2517.000000
1604.472019	2551.000000
1605.101079	2521.000000
1605.730084	2550.000000
1606.359034	2485.000000
1606.987929	2552.000000
1607.616769	2539.000000
1608.245554	2502.000000
1608.874284	2510.000000
1609.502958	2425.000000
1610.131578	2537.000000
1610.760143	2507.000000
1611.388653	2485.000000
1612.017108	2546.000000
1612.645507	2524.000000
1613.273852	2545.000000
1613.902142	2540.000000
1614.530377	2524.000000
1615.158557	2462.000000
1615.786681	2513.000000
1616.414751	2469.000000
1617.042766	2525.000000
1617.670726	2504.000000
1618.298631	2555.000000
1618.926481	2515.000000
1619.554276	2570.000000
1620.182016	2527.000000
1620.809702	2599.000000
1621.437332	2596.000000
1622.064907	2545.000000
1622.692427	2571.000000
1623.319893	2520.000000
1623.947304	2572.000000
1624.574659	2572.000000
1625.201960	2561.000000
1625.829206	2512.000000
1626.456397	2542.000000
1627.083533	2598.000000
1627.710614	2465.000000
1628.337640	2549.000000
1628.964612	2524.000000
1629.591528	2471.000000
1630.218390	2544.000000
1630.845197	2463.000000
1631.471949	2522.000000
1632.098646	2544.000000
1632.725289	2505.000000
1633.351876	2509.000000
1633.978409	2529.000000
1634.604887	2471.000000
1635.231310	2589.000000
1635.857678	2537.000000
1636.483991	2608.000000
1637.110250	2529.000000
1637.736454	2539.000000
1638.362603	2512.000000
1638.988697	2548.000000
1639.614736	2553.000000
1640.240721	2614.000000
1640.866651	2644.000000
1641.492526	2583.000000
1642.118346	2585.000000
1642.744112	2611.000000
1643.369823	2586.000000
1643.995479	2547.000000
1644.621080	2610.000000
1645.246626	2593.000000
1645.872118	2567.000000
1646.497555	2645.000000
1647.122938	2575.000000
1647.748266	2564.000000
1648.373539	2499.000000
1648.998757	2596.000000
1649.623920	2575.000000
1650.249029	2645.000000
1650.874083	2624.000000
1651.499083	2568.000000
1652.124028	2688.000000
1652.748918	2659.000000
1653.373753	2558.000000
1653.998534	2653.000000
1654.623260	2675.000000
1655.247932	2608.000000
1655.872548	2566.000000
1656.497111	2649.000000
1657.121618	2611.000000
1657.746071	2682.000000
1658.370469	2609.000000
1658.994813	2688.000000
1659.619102	2622.000000
1660.243336	2668.000000
1660.867516	2614.000000
1661.491641	2670.000000
1662.115712	2627.000000
1662.739728	2592.000000
1663.363689	2624.000000
1663.987596	2651.000000
1664.611448	2591.000000
1665.235246	2650.000000
1665.858989	2646.000000
1666.482677	2611.000000
1667.106311	2614.000000
1667.729891	2610.000000
1668.353416	2595.000000
1668.976886	2634.000000
1669.600302	2612.000000
1670.223663	2707.000000
1670.846970	2659.000000
1671.470222	2675.000000
1672.093419	2601.000000
1672.716563	2662.000000
1673.339651	2659.000000
1673.962685	2597.000000
1674.585665	2624.000000
1675.208590	2660.000000
1675.831461	2671.000000
1676.454277	2586.000000
1677.077039	2645.000000
1677.699746	2575.000000
1678.322398	2563.000000
1678.944997	2552.000000
1679.567541	2651.000000
1680.190030	2546.000000
1680.812465	2623.000000
1681.434845	2550.000000
1682.057171	2555.000000
1682.679443	2628.000000
1683.301660	2522.000000
1683.923823	2515.000000
1684.545931	2524.000000
1685.167985	2543.000000
1685.789985	2570.000000
1686.411930	2565.000000
1687.033820	2615.000000
1687.655657	2597.000000
1688.277439	2540.000000
1688.899166	2581.000000
1689.520839	2604.000000
1690.142458	2525.000000
1690.764022	2579.000000
1691.385533	2498.000000
1692.006988	2588.000000
1692.628390	2478.000000
1693.249737	2472.000000
1693.871029	2564.000000
1694.492268	2602.000000
1695.113452	2493.000000
1695.734581	2627.000000
1696.355657	2482.000000
1696.976678	2599.000000
1697.597644	2514.000000
1698.218557	2594.000000
1698.839415	2534.000000
1699.460219	2523.000000
1700.080968	2496.000000
1700.701663	2530.000000
1701.322304	2553.000000
1701.942891	2564.000000
1702.563423	2522.000000
1703.183901	2535.000000
1703.804325	2494.000000
1704.424695	2583.000000
1705.045010	2454.000000
1705.665271	2452.000000
1706.285478	2495.000000
1706.905631	2543.000000
1707.525729	2521.000000
1708.145774	2554.000000
1708.765764	2506.000000
1709.385699	2519.000000
1710.005581	2519.000000
1710.625408	2508.000000
1711.245181	2443.000000
1711.864900	2565.000000
1712.484565	2568.000000
1713.104175	2587.000000
1713.723732	2591.000000
1714.343234	2471.000000
1714.962682	2544.000000
1715.582076	2523.000000
1716.201416	2534.000000
1716.820701	2575.000000
1717.439933	2479.000000
1718.059110	2508.000000
1718.678233	2497.000000
1719.297302	2538.000000
1719.916317	2460.000000
1720.535277	2559.000000
1721.154184	2536.000000
1721.773037	2563.000000
1722.391835	2441.000000
1723.010579	2501.000000
1723.629269	2540.000000
1724.247905	2503.000000
1724.866487	2520.000000
1725.485015	2506.000000
1726.103489	2550.000000
1726.721909	2515.000000
1727.340275	2570.000000
1727.958586	2524.000000
1728.576844	2491.000000
1729.195047	2525.000000
1729.813197	2564.000000
1730.431292	2540.000000
1731.049333	2558.000000
1731.667321	2522.000000
1732.285254	2456.000000
1732.903133	2528.000000
1733.520959	2475.000000
1734.138730	2586.000000
1734.756447	2561.000000
1735.374110	2521.000000
1735.991719	2517.000000
1736.609275	2561.000000
1737.226776	2558.000000
1737.844223	2591.000000
1738.461616	2565.000000
1739.078956	2553.000000
1739.696241	2487.000000
1740.313472	2597.000000
1740.930650	2476.000000
1741.547773	2507.000000
1742.164843	2508.000000
1742.781858	2508.000000
1743.398820	2476.000000
1744.015728	2466.000000
1744.632581	2473.000000
1745.249381	2449.000000
1745.866127	2571.000000
1746.482819	2514.000000
1747.099457	2558.000000
1747.716041	2543.000000
1748.332572	2592.000000
1748.949048	2623.000000
1749.565471	2551.000000
1750.181839	2579.000000
1750.798154	2591.000000
1751.414415	2601.000000
1752.030622	2571.000000
1752.646775	2428.000000
1753.262874	2453.000000
1753.878920	2515.000000
1754.494911	2520.000000
1755.110849	2564.000000
1755.726733	2527.000000
1756.342563	2550.000000
1756.958339	2514.000000
1757.574062	2550.000000
1758.189730	2564.000000
1758.805345	2555.000000
1759.420906	2473.000000
1760.036413	2577.000000
1760.651866	2521.000000
1761.267266	2514.000000
1761.882612	2556.000000
1762.497904	2646.000000
1763.113142	2510.000000
1763.728326	2533.000000
1764.343457	2577.000000
1764.958534	2619.000000
1765.573557	2540.000000
1766.188526	2481.000000
1766.803442	2521.000000
1767.418304	2565.000000
1768.033112	2603.000000
1768.647866	2518.000000
1769.262567	2538.000000
1769.877214	2526.000000
1770.491807	2562.000000
1771.106347	2561.000000
1771.720833	2587.000000
1772.335265	2578.000000
1772.949643	2489.000000
1773.563968	2544.000000
1774.178239	2511.000000
1774.792456	2580.000000
1775.406620	2579.000000
1776.020730	2568.000000
1776.634786	2533.000000
1777.248789	2578.000000
1777.862738	2522.000000
1778.476633	2604.000000
1779.090475	2555.000000
1779.704263	2609.000000
1780.317997	2573.000000
1780.931678	2586.000000
1781.545305	2590.000000
1782.158879	2597.000000
1782.772399	2494.000000
1783.385865	2544.000000
1783.999278	2553.000000
1784.612637	2558.000000
1785.225942	2584.000000
1785.839194	2588.000000
1786.452392	2539.000000
1787.065537	2524.000000
1787.678628	2598.000000
1788.291666	2563.000000
1788.904650	2521.000000
1789.517580	2510.000000
1790.130457	2563.000000
1790.743280	2503.000000
1791.356050	2538.000000
1791.968766	2546.000000
1792.581429	2587.000000
1793.194038	2523.000000
1793.806593	2561.000000
1794.419095	2551.000000
1795.031544	2480.000000
1795.643939	2580.000000
1796.256281	2559.000000
1796.868569	2631.000000
1797.480803	2547.000000
1798.092984	2522.000000
1798.705112	2598.000000
1799.317186	2556.000000
1799.929206	2559.000000
1800.541173	2518.000000
1801.153087	2549.000000
1801.764947	2558.000000
1802.376754	2539.000000
1802.988507	2547.000000
1803.600207	2542.000000
1804.211853	2564.000000
1804.823446	2604.000000
1805.434985	2515.000000
1806.046471	2531.000000
1806.657904	2564.000000
1807.269283	2539.000000
1807.880609	2621.000000
1808.491881	2488.000000
1809.103100	2528.000000
1809.714266	2553.000000
1810.325378	2563.000000
1810.936437	2513.000000
1811.547442	2557.000000
1812.158394	2518.000000
1812.769293	2615.000000
1813.380138	2571.000000
1813.990930	2562.000000
1814.601668	2518.000000
1815.212353	2519.000000
1815.822985	2549.000000
1816.433564	2585.000000
1817.044089	2519.000000
1817.654560	2542.000000
1818.264979	2553.000000
1818.875344	2530.000000
1819.485656	2592.000000
1820.095914	2577.000000
1820.706119	2569.000000
1821.316271	2553.000000
1821.926370	2532.000000
1822.536415	2576.000000
1823.146407	2596.000000
1823.756346	2694.000000
1824.366231	2560.000000
1824.976063	2563.000000
1825.585842	2632.000000
1826.195568	2504.000000
1826.805240	2572.000000
1827.414859	2561.000000
1828.024425	2583.000000
1828.633937	2561.000000
1829.243397	2545.000000
1829.852803	2562.000000
1830.462155	2542.000000
1831.071455	2557.000000
1831.680701	2534.000000
1832.289895	2580.000000
1832.899035	2617.000000
1833.508121	2587.000000
1834.117155	2587.000000
1834.726135	2521.000000
1835.335062	2533.000000
1835.943936	2465.000000
1836.552757	2528.000000
1837.161525	2551.000000
1837.770239	2558.000000
1838.378900	2556.000000
1838.987508	2601.000000
1839.596063	2594.000000
1840.204565	2600.000000
1840.813014	2568.000000
1841.421409	2524.000000
1842.029751	2563.000000
1842.638041	2623.000000
1843.246277	2610.000000
1843.854460	2503.000000
1844.462589	2541.000000
1845.070666	2641.000000
1845.678690	2603.000000
1846.286660	2582.000000
1846.894578	2612.000000
1847.502442	2624.000000
1848.110253	2553.000000
1848.718011	2643.000000
1849.325716	2655.000000
1849.933368	2587.000000
1850.540967	2584.000000
1851.148513	2561.000000
1851.756006	2604.000000
1852.363445	2571.000000
1852.970832	2602.000000
1853.578166	2598.000000
1854.185446	2583.000000
1854.792674	2591.000000
1855.399848	2579.000000
1856.006970	2605.000000
1856.614038	2579.000000
1857.221053	2579.000000
1857.828016	2610.000000
1858.434925	2580.000000
1859.041782	2573.000000
1859.648585	2582.000000
1860.255335	2597.000000
1860.862033	2549.000000
1861.468677	2676.000000
1862.075269	2629.000000
1862.681807	2577.000000
1863.288293	2577.000000
1863.894725	2641.000000
1864.501105	2651.000000
1865.107432	2580.000000
1865.713705	2611.000000
1866.319926	2633.000000
1866.926094	2597.000000
1867.532209	2620.000000
1868.138271	2497.000000
1868.744280	2507.000000
1869.350236	2562.000000
1869.956139	2597.000000
1870.561989	2557.000000
1871.167787	2610.000000
1871.773531	2597.000000
1872.379223	2665.000000
1872.984861	2624.000000
1873.590447	2555.000000
1874.195980	2602.000000
1874.801460	2720.000000
1875.406887	2549.000000
1876.012262	2634.000000
1876.617583	2566.000000
1877.222852	2653.000000
1877.828068	2696.000000
1878.433230	2573.000000
1879.038341	2575.000000
1879.643398	2602.000000
1880.248402	2589.000000
1880.853354	2550.000000
1881.458253	2632.000000
